4164725698357735535532433353563332344134366347353394356953563554432333442668446924324728535595734433
4334463332444111442244212323322221523433455524123546244344265642431232322316224322142553732434244323
2222222422211322222221262222222222232232222222122222222228332122222222222121413221322322213222222272
3143412323222211234342232412133522342324234234321433322232332124142134452323426323343453212314422244
2321232222152241221252252524242224222233222121322222332222511212212226222213221232232522323221232212
2237732556272352233351313211432512113223532311122336112333555221335332525231322253632224321232223122
3384356545334345454662634835348641242334344365424432458353344823561448472182584386644444569433553353
1354412324325372333133422243222532333252133243332233544331321232413433431235143233444256272232533335
9688598577857687868595599557956565587788879794749587969666875589858667986969479979469828965425688477
6324223322322222233453331133125342242355222122332323322261232322222225431252123222254432461223113222
1452223322222342212671233114123212466422232273212221423223212212226212232421311227122224324311243222
4357565354634327753674195735565645445453524654426543552544347334235666762145543555626555553532545555
4227223223213322323334363413353334223223225322231352332412313261143362216232222212323222382331333222
7435859543595369146744573444494754442549366333393355355343494465444429473393672337444548447829735446
2723332333324253634333324133233631532643433562333534423444532641338333733345315235338332762333333331
4632549454255945544364842543323353653444336454444556461454593445454254445754446244241454464562494235
4212432242242224552233543214624412236242146223224242334243243143322463232231243123434332224331427422
2372332332324331235532331234322333433331132464334333332332223323324323362443323229333423333133323332
2132222232412222232232213213422132222522112125242233212234322252222234222223122232412532434124232422
2322223411252723223122532722581222222215422422422422143414124245322212552222233824622254272225421792
5425334236533333634816246356673326373444242345453457374234362645432735459723433345745454751542443125
3222433232222232662233722421233322231282213322237232124222522153322222243834532279526282212514898154
7745656538777152556524257562765364736454573477647774745517574445766633544573694365674262655166363746
6544225256535424355533433354424645455334434545553555455266664527334454765435645456265545326645538354
1332224224333223233323332133321223443512323333332233323332323233321332333323243323123343331323224314
2846665564433466455446466567445454466464685464565645544266543774646766684654556776655319655447346563
4332133413422542534462223434224444324141324532422355243433132342444314325543341234441233643322243245
2211227123222211282323221222241222222392232222221276222222273293222222221221411222253222274211242223
2223235522663262812322623233323323331262123332322223411322221332322232332232214334332323332332322343
3434434434472542423464244443563453444325554444255454434544434614744444474543343445494344347374436363
7423323431524522454383237594244554534255236344254452342528145744554442473832427343244323139343457844
8392354742477749743654676355458637474444654359969745473812546453943623565919374345826545521427913624
2323433224295422832153423127293432323225629713323132142419313412324241232722712365452527222883241122
4426226624232525262427213424222912229222725532146222117232226451222644272751454222225564223323212221
2622345233352334255222563422421222412236322331366112235632222222252222122225352242123332662421222135
2524232423541142542553252523354113355124242222551142225215256642251555542524224213434235553441435513
7422438135291133478462358352343133192592232254272798371158143533718936522946321114954262345539683877
2322214232522425522264755413516452232244355317735363424342221224232476736655256455453234272464722424
2332622164232222426222312216254242336222222123222232212236122352321222223312424262322342226236222212
2424428444494623456245632615445277364442236754442752863232543465374443854242222244714334331343244273
2522172222225233222232213146222223331232222222123322223732222814223243222232222233222312213222161121
1417224167221542222912222262422224126422222212362222912122215262222625282291542272314211344252122122
1215253322115761223223224615235658522134225215545223421546227235243122221522252342344211323554222116
2223222222612233723331622364233332133242137633582432173513233222122143243522343322324333326323123214
4233444334233326424452334432234343344316344233344331633222334333334361463343344342434361323334333433
1433412123333324343334533324334333123337344324424326431343463433325421234332335323143434443532534254
2322225512212221222222422222322242224123342122322232211222321222222222222251222222243241822224243216
3433122234422133111311443323444434221113121212133332213223242342431223213132141112143221244331256789
5524338654284266541653482368266555558187573364423812386835545232957323386328778784332838831273688438
6626666665455655567648655763756477755736786658574665666344453635666575642567636575546654337455345564
2222231224222232212222222222225122122122232322222143322432232253232321521222232214322213522325251222
5383645937555372434322645655564258327472548133243341577238534753755336243463337657236534433436243353
5254144345532235224234532256143734623642334233614242123632433642223252191532223522121222516312233354
2426452274443252333242237217243421242432435263444375344363343534253424813533333435342434244333223445
3123322322212232732122232122323234322222223122112133223224245322232331212425323222322522121324212212
3863873337668318213334563323484337232838536332344633443453828433732867426265223133584318662238333362
2211142214222524356854344445632727533245271633434433423223142228928735163324645532929627452392233342
8613623325123324322222343422331652221224245278322422425433463224252423573224232121122222335222422232
4323452125442326455546324221543212124114223225535442442522642243455552235343445381245344262365822223
6422225632946366344356233748631776253734474864658676935255465551663316255663646936466464543641453333
4756744645447455555885575735554655555925567754848457483777547572755547754575645555755524545549446845
1343443332254362244344323433234213231331444442322421332422333422324332133324223343244334443243442333
2423523435334536243252424311223232442322424223256453543542235434224312442123325223532325444424215224
1421229322323322223212626122232621122211114222222321222122222322847122241252312121322233322577112222
4333533232223313313353331335326424355322322336343233333292233323333323332232333133333522344332333233
2232251523224343217342522242312242325222223132123322232242513343322223232221222212222222442324222334
3833333313124144493333359233374332834272237243246557377327263325363116433336332535325354357733233263
6333335953334433263443482623544313351664335323532523364224333334335552533412453757924363353335343625
3145551425444144134282444324334543245424244222333933341425444333332214544452554324153334154434334314
5134151132121454213243115242543341335114121445454444352353354545212254525452523524551142351145146789
3324834322124832236465353733592534533233533221132822494369325733332235354559371535222243283233332222
1213323131223332324232512332332425373232562233241233252233222445251332211333232723254551322322233221
4555535541353543435455455744365544345534123755435445434355445634434546246443662235554454345354535544
3433524342424442444445444447432262342365525345234145344313443544344324442524134144322315433155454344
2227212543232311232432224221243211122121223432131242131221212214213227623142231343523241221142223211
1343437423292263268472343368323325522324523223212243235642221232246336331322372452235236226643223122
2152611246253222245323445126652451543546622335266123231535334112122231113524554723255232951335454123
2212342232121322212222722223333212422222222221211213222211222322222221222212212222232122233323222232
4733454334544442454634444475432344234455454434444343143344646742563444544457475443346442446464345344
2233222322432222222212223223212222222236322223323232242523232132223222223212272236232122212366231222
3446131413441345332537433443722355342524243143242433422355426323433425354357554333333524252124114321
6435744764776554675776786668258745578565977376683866746574635565584466468466747947746667647656668696
3562533256723332553421654333544538543552532359345366533822661312573333463564533335315421244323325323
4222221322123212221222221134212411172225222221222221272672121232222332522222722113221223222222152327
2244223262223356323232422232331212452232222821312221223221334422223323243212213224222424222275722342
4453347233333344338353439554341333343573334237252932433333452345293614333528354535453454423344233233
6532633235323433255262221452162347233223633562222225312212332523346222332322233352112325333233354226
3322222222231123212522273822212221253112352234212221222222242224422223238321224223212215442823225252
3223761231135245422223445233222321252522222924252521745716247244232633322252342426622224224228456336
4336252431265232675432342214532226422422944624333348317652132252533235863464342242125565223564264372
2722334332345245233336254323352243451463352414536642366354222444332437332332333653135424542124112222
3542354444344321244433444233334443433423444434233314134355454444344233444423534442354333651334353234
6452233323543324351426571162253423133224255427421544423214411353342222143312244573214544443447144353
3234314432433233843444324334343432343216358344434544334443344312445333543344433443234337337744242243
1162431171642646337471272126664614515277467725431513157173722252553653442346461265365726236366752789
7133955774734746587763167284583224325565556553245463633533238656693534448559443546365341565222343363
5173568916495736753692865544973635244443543444562644525455248414475444335525534123444534455525266134
7742744356336343534426225576532343464463453444363534664243375543444352433634437343262373353243333364
4232443424452271624342133224443433733222414335222142244343223542422212421622413524322232211412333224
2423222124331122221227222322344212412325322242223332512214322321331242344222241222126153122242224323
p