6839153353242324143271184245154323237323424572457644344234734233332343344532643622213823683942455442
5631465827645468355653355523535772463346671437436425546664765663657756643567465459577656563565556374
4955624354245275553534563343424486474572536734881639457526396565533336623535325594536332233523669442
3291324213531333233353344365533333223333633237333333235262333435342333233322935388333333323632451366
2361252125413211222222271722212171163222222262142572234242222221812226125152522824254523232422226626
2242222851522212251212322223224222214232222211122123422321224123322212131322222322222122122223221234
3435583152233232362113483433232323223222221225632122533322524253822136332212422335543323322834237233
6673575455565253247524653783235758524757774748455354543766533844737527426641417372543366838554544132
2443326642366432465233534436662454363365523414737339434242355553356255635313541166924347721541336343
3224433333442234422223343434423222323342243423322433245134223324234434133422432343342433324332453321
1131421332564525233278522334323232352425525272523413125242343431323512233132467423362232221524232524
2235133535333533534535533423532336433435253974437341491332853442255414555354227242253343392122424522
3223242633223443223223334132223242232423322313432323422312342342323123532233343251332223432523223232
3122322232222353222314123324231532323363223223213323232422633221222322323231333312213233221212222231
6332163331714337222836364311273372842454325242242926332212323124221544332324766353516742732331332223
6325247434362314443954465443787394433749345636333234355463645426323434755254233228573446463932346183
2657525546643354537475363567743455575447869548533564274558455556877456864795223762254762593694455267
5646276542234534634464634667412346464476444264643325226263536247454667714465546563752514356545644465
8535563347665447677675765755452644362652443563412964856656745628427657354447373354767858527568634773
7661646665377544735575762348568664684332165545838664746324633243435136442374574558437553567327676836
3433222412243613324322222335332331232613347223352222232242235222222453234242432223143233133223432322
3272332365233227243363232273232313334333634433234334273343446333336637364443333633364432321333333813
4234634743354355333435434467623342444334534443238656324545656453433433332443524724457664561725453536
2222232212132222722242413121434242225122222832222525621555713222232126527222225422442222432221211322
2559555386555565556565885558558555554684567535853555545557558555555551354455885555584455445946553455
2746111895654354665324782523522228825565226432353356674315642926338674441952295264247247595562665455
5466654666654465565764677665555457745658776545655457263634564954555466735564666668764546534552566556
5184434222322222322813221242522111232562622352384347523419222526223294243234382431221221222172188244
5234335583351154555333333634532354345344543535343535533352333333163255234355353646344246533143422332
3212222262322334232122227212662422227122223614221252234343422156312275271532223422336422216222623256
7614735674442458447444444743467452846764763787357937745647774786344843663364477464647543726854356777
3562436554353533458273272264463223225414634653573432323445375673367535321332262243364584426335124353
3485495542323762342383438479593896341315536542465462452948253744248695254464453323432235424524743535
1323421326123422442132262333244112112215251523217743234432312255224253235241253254422231321244222222
3624533332318523244354443337362332233383312382648326332263312338288867334443333245434232633432323352
5795392335543363776356375299488929566551885534657246547623526397562778165827692798876665294262126712
4255358344534454433353434435534144545347354434544444424354273564355446256434443362428349644342844537
2243222222232222742234234422313332112221315423124222323222124214123143262244223211352122133332124212
3455434585345333425443455255562534434243352533476324438353331245343344213354555437245332331443433443
5296122233522222171414322443316223423243541222525512221142652322122262222223212526225222142321252242
2223242223422452235324142222224423263214444513231223433421231231214444222322313224134243524443321421
3536353125625231234368132342312274351331234353343533237233532313273317332112724445353426334233722236
2242521522222452222122112126422444224422222223132312222422223126224521423431143222222222223132135221
4222462222223221412224422212432422722125176321222422231321285212141221232322224242212812462612222244
3333333333242114332333232332235333233222233333333433332333353633333333333233332332333334331462324333
2542343412431344564564634534365344346346744434354386274234335424436645512445444225544444442442324345
3553343232333422354334323334232343318343322326323514342223142574324233422332343532255334333223412355
3433523414432212332332223355324343413344234214333433343113534434324432343314453412343525443426433343
6436332335543445237334425336445855445357264343462133755255473613523633357344555783457374233536453433
3363373342585434392534467244364386453853442933857233546223533244576646337254745425636254527377463844
1113212215241223221152522122421535442422311212233321332321162222323712122215272221221122122222221172
9622172422223212124162333331875221222413123222321332252221231212522372763521722634225241222522322725
3745763375345348544543466244547449644443443493443349556644543493367344433954483744539434635654378844
4463359734937435796394489846456755444937797945454482673756835439458935454757486639877612634644889463
3562544854244466554324243665244652441424346456452465544643446445324364364463442653254343652454246566
2221227222232133313122522427222223122213222523322221251212222212312212912233213422242522322212812212
5737464423366312744324391273443434442933324221536316661334384444333224433324133613317234238237432463
3524218255134424232274424343522522323333532428224422232232435232228532442352224222854322332423312222
2442456552263254372357625236646786738755547826443975566343472563667616326443466174453232482444666263
4224332523334352332321323344245625343132254343355335524425244532342322144245322641323242222221721222
2312423322333345325134133532222441325553263252245335222343214444552435243232323323323122225434352323
2143243423322521344337243214412543221442712267242244352344542122134427423333313242255233245433463543
2511243222224212445222242222822222221222222152212124212221122242332421222212221212635221232124422222
3333983424546335524336443313233338763245469595356784336414711324454522345383673455444455728543226633
2417444732554745434345253453544566663264347426458733525454334855145434456784444346533443538463575445
3333376433425353433321433833333344344333233333332233434465333333443134644334432343333333232333333233
3356134422243434273227354226445324351424412143544541425334254221243344512442222511352457132443435362
5645351545253844352245465352385855229569652126787456465877551724313542838354452533566365575329541345
8727868614256538666237375271771633751411217277651851448667467851246661311241611117421245735613724159
3923235452223463265565363332936316435385623636735623533134335366362253123356367452622336482632332632
3512153324423245222211544224224214242112212725623524252513222463522722117442245324622324311524225322
2333244422234322432153444235174221221122412233514342366336242624233442322455422424126215225322424244
6531755564255344135437275754474152192315412314144546534475258644213552535256352423443445434523433554
4414243465323433553424534255735346434646434555434355414334354344334424554533344365434644443445522334
5665649944574567545356576565664969556562566566639565756648643658779792666555585679767764746655567947
2333114324234233143632234235454434252641312332222333533312312533134265523333123342233335243325123333
3123332333333323243232433334231333133423253214346322333335324543612323433324331333344222253423213315
6667485463377533756566755416466454734484454665575763966653444659844654355364667823455367455459447347
2251322232222372222322312222222332133257222422212222213122425262212231272723252292112222422127222222
2222221222226232125232222422222212221226532226222122222215223252223222121529412221122322212222242252
6556963644257324644344553665435432346847525544636464265556344374425698666454562666244445635546557358
1249441333433833343413442434433333321433243414425314324333433453333543423323335231444433344235353343
2733674769757586679676576876464777647766655763453887894466618725677565755347786329637821687225686834
4542234226212162862227272221624573325422123242424613322541324214434336332222232332227225222149223224
5241452125221442522233622222222392322442322322122292232222424321322442242321422224822224522252311224
4313223332243123212725222224521361222282232233222242622262442223222124125234212233144334331222212483
6865562343235752242245372756416453536554534375346644667345662436226643324445223557445575441535353252
2222332221242214221245232221243122242222322122224423133223341412833222222224122252222112231222212232
5224926232222313133612137225268322665436432225324522562453233642137262482535263552315122122224233217
8386642343244434566655333394336654359234416824464464493353732533644262343398434935186265464463895383
3323834443343326433563433554438732633523483233324342655344433433432143926337426257957223437353624634
3452576243444334352333542435353557742345444555242453254553655252545342635432343435435343534554435333
4231321322223212222221232224232323213333322213122221332423125124221211122321222231222212222212222222
5435636767646744952635663524147462634777466656554574653326767543375725574297758523533545371464462352
2221211122362226624642222224112321212223623143141112322642413121282221242232311222222222322522226214
6537222133646223153423145243232113344232539222232333212352323333324233243222233475533224123283433134
4355121612121323636524664456111412513566534136254454135432414454235561316634441411361215341316416789
3525344233425634331235372335363544442365333323454454344435423512334334533245343343355535354433453434
2223641242234423322244242224132324333223244433344432431223124244274333232113223441423532323122323122
7745377586658543475543347353852435427242542651864373773713742724654768236646445343638396923545633257
p